1193 0 1193
3408 1 3408
2355 2 2355
1287 3 1287
2804 4 2804
594 5 594
919 6 919
595 7 595
938 8 938
2398 9 2398
2918 10 2918
1035 11 1035
2791 12 2791
2018 13 2018
3105 14 3105
2797 15 2797
1270 16 1270
527 17 527
48 18 48
1097 19 1097
1721 20 1721
1545 21 1545
2294 22 2294
3186 23 3186
1566 24 1566
588 25 588
1907 26 1907
783 27 783
1836 28 1836
1022 29 1022
2762 30 2762
150 31 150
1 32 1
1961 33 1961
1962 34 1962
2692 35 2692
260 36 260
1028 37 1028
1029 38 1029
1207 39 1207
2028 40 2028
531 41 531
3114 42 3114
608 43 608
1246 44 1246
1357 45 1357
3068 46 3068
1537 47 1537
2194 48 2194
648 49 648
2268 50 2268
3468 51 3468
1210 52 1210
3578 53 3578
3030 54 3030
3035 55 3035
1610 56 1610
2236 57 2236
3071 58 3071
368 59 368
1259 60 1259
3147 61 3147
1544 62 1544
1293 63 1293
1188 64 1188
3255 65 3255
110 66 110
1834 67 1834
3471 68 3471
589 69 589
1945 70 1945
982 71 982
1873 72 1873
2858 73 2858
1225 74 1225
515 75 515
265 76 265
480 77 480
1442 78 1442
2067 79 2067
1370 80 1370
2353 81 2353
3334 82 3334
590 83 590
1196 84 1196
736 85 736
1198 86 1198
593 87 593
2571 88 2571
2396 89 2396
1953 90 1953
1954 91 1954
1955 92 1955
1124 93 1124
1957 94 1957
163 95 163
380 96 380
2501 97 2501
349 98 349
457 99 457
1096 100 1096
920 101 920
1527 102 1527
3418 103 3418
3451 104 3451
3095 105 3095
2002 106 2002
1784 107 1784
2943 108 2943
318 109 318
356 110 356
1247 111 1247
3421 112 3421
1394 113 1394
104 114 104
2735 115 2735
1079 116 1079
1615 117 1615
1291 118 1291
653 119 653
2167 120 2167
1049 121 1049
552 122 552
1266 123 1266
733 124 733
1197 125 1197
1378 126 1378
1379 127 1379
3552 128 3552
1304 129 1304
2470 130 2470
3168 131 3168
3671 132 3671
2006 133 2006
2871 134 2871
2115 135 2115
1968 136 1968
1136 137 1136
2081 138 2081
2951 139 2951
1214 140 1214
1036 141 1036
3702 142 3702
2366 143 2366
1387 144 1387
1201 145 1201
2947 146 2947
1240 147 1240
2987 148 2987
2333 149 2333
1175 150 1175
2337 151 2337
1535 152 1535
1392 153 1392
866 154 866
2770 155 2770
1759 156 1759
506 157 506
1250 158 1250
509 159 509
41 160 41
2997 161 2997
2700 162 2700
296 163 296
728 164 728
2560 165 2560
1046 166 1046
50 167 50
1192 168 1192
377 169 377
3083 170 3083
2427 171 2427
2289 172 2289
162 173 162
3016 174 3016
3163 175 3163
2291 176 2291
1635 177 1635
2723 178 2723
1921 179 1921
2580 180 2580
896 181 896
176 182 176
1715 183 1715
1649 184 1649
1213 185 1213
2599 186 2599
2959 187 2959
908 188 908
1580 189 1580
1729 190 1729
2890 191 2890
2029 192 2029
551 193 551
1513 194 1513
2318 195 2318
1517 196 1517
1089 197 1089
3260 198 3260
913 199 913
1730 200 1730
1449 201 1449
1732 202 1732
2390 203 2390
1734 204 1734
3267 205 3267
2395 206 2395
994 207 994
1885 208 1885
348 209 348
2323 210 2323
29 211 29
562 212 562
1095 213 1095
1529 214 1529
2908 215 2908
32 216 32
1897 217 1897
1171 218 1171
34 219 34
714 220 714
2406 221 2406
1101 222 1101
3717 223 3717
1030 224 1030
1688 225 1688
364 226 364
3501 227 3501
3072 228 3072
3074 229 3074
1043 230 1043
597 231 597
383 232 383
1569 233 1569
3604 234 3604
2802 235 2802
3534 236 3534
3536 237 3536
3753 238 3753
838 239 838
1947 240 1947
2966 241 2966
266 242 266
17 243 17
3699 244 3699
1441 245 1441
1088 246 1088
912 247 912
199 248 199
914 249 914
3624 250 3624
1380 251 1380
569 252 569
1674 253 1674
3565 254 3565
861 255 861
2916 256 2916
6 257 6
442 258 442
1997 259 1997
1573 260 1573
474 261 474
1722 262 1722
3256 263 3256
1221 264 1221
288 265 288
1466 266 1466
1393 267 1393
1682 268 1682
650 269 650
151 270 151
1265 271 1265
58 272 58
1840 273 1840
1916 274 1916
230 275 230
1120 276 1120
1411 277 1411
524 278 524
1701 279 1701
1274 280 1274
741 281 741
1704 282 1704
1639 283 1639
3528 284 3528
465 285 465
2442 286 2442
73 287 73
3246 288 3246
105 289 105
253 290 253
3107 291 3107
1653 292 1653
111 293 111
3259 294 3259
1589 295 1589
14 296 14
337 297 337
16 298 16
269 299 269
555 300 555
3265 301 3265
1735 302 1735
3481 303 3481
2686 304 2686
24 305 24
25 306 25
2329 307 2329
1673 308 1673
1678 309 1678
1027 310 1027
2699 311 2699
36 312 36
3793 313 3793
720 314 720
47 315 47
1617 316 1617
2278 317 2278
223 318 223
3298 319 3298
300 320 300
1777 321 1777
529 322 529
745 323 745
1923 324 1923
1060 325 1060
1358 326 1358
3751 327 3751
2302 328 2302
1500 329 1500
1148 330 1148
2166 331 2166
3253 332 3253
1584 333 1584
1223 334 1223
3623 335 3623
778 336 778
1307 337 1307
2324 338 2324
2622 339 2622
3358 340 3358
1756 341 1756
2125 342 2125
2054 343 2054
1253 344 1253
3500 345 3500
1257 346 1257
1831 347 1831
3363 348 3363
587 349 587
1690 350 1690
3296 351 3296
2496 352 2496
2497 353 2497
2 354 2
2498 355 2498
7 356 7
2133 357 2133
2135 358 2135
3948 359 3948
2136 360 2136
2137 361 2137
1408 362 1408
802 363 802
1409 364 1409
1339 365 1339
1269 366 1269
2640 367 2640
592 368 592
2716 369 2716
2717 370 2717
596 371 596
3447 372 3447
2140 373 2140
2072 374 2072
1271 375 1271
2078 376 2078
1278 377 1278
3386 378 3386
2657 379 2657
316 380 316
317 381 317
248 382 248
2080 383 2080
1282 384 1282
1356 385 1356
750 386 750
2087 387 2087
1286 388 1286
2662 389 2662
3466 390 3466
2300 391 2300
329 392 329
3034 393 3034
3108 394 3108
2161 395 2161
3037 396 3037
2090 397 2090
3039 398 3039
902 399 902
830 400 830
2093 401 2093
904 402 904
2094 403 2094
1292 404 1292
2096 405 2096
1294 406 1294
765 407 765
2746 408 2746
1009 409 1009
1948 410 1948
2312 411 2312
339 412 339
2316 413 2316
1371 414 1371
2174 415 2174
1372 416 1372
1374 417 1374
1375 418 1375
915 419 915
1376 420 1376
916 421 916
918 422 918
2826 423 2826
1016 424 1016
1019 425 1019
3489 426 3489
1959 427 1959
344 428 344
2321 429 2321
275 430 275
2252 431 2252
780 432 780
926 433 926
1023 434 1023
1025 435 1025
2693 436 2693
1967 437 1967
351 438 351
282 439 282
357 440 357
2405 441 2405
2407 442 2407
2336 443 2336
2193 444 2193
1031 445 1031
1104 446 1104
1032 447 1032
435 448 435
292 449 292
367 450 367
943 451 943
3723 452 3723
1042 453 1042
2423 454 2423
2424 455 2424
3155 456 3155
3086 457 3086
3087 458 3087
953 459 953
954 460 954
3809 461 3809
3591 462 3591
2863 463 2863
3593 464 3593
1125 465 1125
520 466 520
3668 467 3668
1127 468 1127
1129 469 1129
1059 470 1059
2431 471 2431
62 472 62
1633 473 1633
2436 474 2436
3097 475 3097
3812 476 3812
2000 477 2000
963 478 963
2001 479 2001
1200 480 1200
2003 481 2003
2005 482 2005
1204 483 1204
2872 484 2872
3675 485 3675
898 486 898
2009 487 2009
2874 488 2874
899 489 899
1135 490 1135
2948 491 2948
539 492 539
2371 493 2371
3247 494 3247
3174 495 3174
3175 496 3175
2375 497 2375
971 498 971
2011 499 2011
2012 500 2012
2015 501 2015
1215 502 1215
1073 503 1073
541 504 541
542 505 542
543 506 543
2453 507 2453
2529 508 2529
1654 509 1654
1583 510 1583
3189 511 3189
1586 512 1586
2021 513 2021
1220 514 1220
1080 515 1080
2967 516 2967
2968 517 2968
1084 518 1084
3194 519 3194
2393 520 2393
2100 521 2100
2399 522 2399
1302 523 1302
1230 524 1230
2105 525 2105
1233 526 1233
2108 527 2108
1234 528 1234
2109 529 2109
2617 530 2617
3347 531 3347
203 532 203
1676 533 1676
208 534 208
2111 535 2111
2040 536 2040
3928 537 3928
2043 538 2043
1243 539 1243
2046 540 2046
2047 541 2047
2049 542 2049
1753 543 1753
216 544 216
663 545 663
3448 546 3448
2076 547 2076
246 548 246
1288 549 1288
3608 550 3608
764 551 764
333 552 333
2683 553 2683
345 554 345
3129 555 3129
2766 556 2766
3148 557 3148
1546 558 1546
2282 559 2282
2795 560 2795
3160 561 3160
1563 562 1563
3178 563 3178
88 564 88
481 565 481
2539 566 2539
1244 567 1244
3897 568 3897
923 569 923
858 570 858
3658 571 3658
1303 572 1303
999 573 999
1331 574 1331
1262 575 1262
3479 576 3479
421 577 421
2370 578 2370
1263 579 1263
2731 580 2731
3033 581 3033
2920 582 2920
3081 583 3081
141 584 141
3798 585 3798
2706 586 2706
2707 587 2707
2490 588 2490
1909 589 1909
2567 590 2567
3005 591 3005
805 592 805
3510 593 3510
161 594 161
1422 595 1422
3461 596 3461
832 597 832
3113 598 3113
2694 599 2694
1892 600 1892
3499 601 3499
1396 602 1396
2840 603 2840
2841 604 2841
500 605 500
1619 606 1619
1625 607 1625
1487 608 1487
2433 609 2433
3176 610 3176
2389 611 2389
553 612 553
628 613 628
1804 614 1804
1805 615 1805
2394 616 2394
1597 617 1597
1092 618 1092
1810 619 1810
1672 620 1672
2572 621 2572
2724 622 2724
2581 623 2581
2761 624 2761
2369 625 2369
2975 626 2975
1179 627 1179
2553 628 2553
1185 629 1185
3503 630 3503
3006 631 3006
3879 632 3879
3375 633 3375
235 634 235
164 635 164
1343 636 1343
3527 637 3527
319 638 319
247 639 247
1284 640 1284
2660 641 2660
2661 642 2661
2664 643 2664
2311 644 2311
2173 645 2173
198 646 198
2752 647 2752
3700 648 3700
924 649 924
3701 650 3701
3703 651 3703
2901 652 2901
3704 653 3704
30 654 30
428 655 428
3713 656 3713
2912 657 2912
3576 658 3576
293 659 293
3070 660 3070
1614 661 1614
942 662 942
446 663 446
3156 664 3156
2287 665 2287
2288 666 2288
3300 667 3300
454 668 454
3745 669 3745
968 670 968
1206 671 1206
1069 672 1069
76 673 76
2377 674 2377
2010 675 2010
3827 676 3827
610 677 610
1077 678 1077
2527 679 2527
2455 680 2455
1594 681 1594
1301 682 1301
707 683 707
3417 684 3417
2542 685 2542
1748 686 1748
3927 687 3927
2116 688 2116
2117 689 2117
2985 690 2985
2989 691 2989
2628 692 2628
1683 693 1683
2993 694 2993
586 695 586
158 696 158
2139 697 2139
2573 698 2573
302 699 302
232 700 232
2141 701 2141
2143 702 2143
1275 703 1275
313 704 313
249 705 249
2082 706 2082
2083 707 2083
2085 708 2085
2089 709 2089
2739 710 2739
3396 711 3396
3397 712 3397
3398 713 3398
3399 714 3399
10 715 10
261 716 261
262 717 262
2248 718 2248
412 719 412
1956 720 1956
26 721 26
3633 722 3633
3635 723 3635
1960 724 1960
3639 725 3639
2764 726 2764
3494 727 3494
353 728 353
1033 729 1033
44 730 44
2414 731 2414
940 732 940
1702 733 1702
969 734 969
1711 735 1711
1643 736 1643
2019 737 2019
616 738 616
3252 739 3252
475 740 475
1587 741 1587
2020 742 2020
3269 743 3269
1094 744 1094
2616 745 2616
1242 746 1242
1321 747 1321
3863 748 3863
2991 749 2991
1258 750 1258
2638 751 2638
1407 752 1407
1261 753 1261
2644 754 2644
1918 755 1918
1772 756 1772
2648 757 2648
165 758 165
1277 759 1277
1350 760 1350
330 761 330
2687 762 2687
785 763 785
3638 764 3638
2836 765 2836
420 766 420
1982 767 1982
3082 768 3082
2860 769 2860
3596 770 3596
1994 771 1994
2502 772 2502
3744 773 3744
2949 774 2949
1645 775 1645
2376 776 2376
3752 777 3752
1219 778 1219
2454 779 2454
3264 780 3264
2976 781 2976
2641 782 2641
1912 783 1912
70 784 70
3000 785 3000
2800 786 2800
3868 787 3868
3869 788 3869
585 789 585
2064 790 2064
2138 791 2138
671 792 671
818 793 818
3526 794 3526
678 795 678
180 796 180
1799 797 1799
910 798 910
2249 799 2249
771 800 771
1884 801 1884
3052 802 3052
2189 803 2189
784 804 784
429 805 429
2265 806 2265
1391 807 1391
2195 808 2195
1034 809 1034
2348 810 2348
1047 811 1047
3660 812 3660
3661 813 3661
1205 814 1205
532 815 532
81 816 81
1222 817 1222
3698 818 3698
485 819 485
2391 820 2391
95 821 95
3917 822 3917
1747 823 1747
1249 824 1249
3505 825 3505
3435 826 3435
1267 827 1267
2712 828 2712
3952 829 3952
2148 830 2148
674 831 674
2726 832 2726
3104 833 3104
3032 834 3032
2160 835 2160
196 836 196
911 837 911
1958 838 1958
21 839 21
1965 840 1965
39 841 39
2917 842 2917
45 843 45
52 844 52
3740 845 3740
1218 846 1218
2528 847 2528
2600 848 2600
3770 849 3770
1306 850 1306
493 851 493
3786 852 3786
3424 853 3424
3361 854 3361
153 855 153
2132 856 2132
303 857 303
2144 858 2144
2145 859 2145
175 860 175
2301 861 2301
1296 862 1296
2671 863 2671
2243 864 2243
2245 865 2245
1377 866 1377
2757 867 2757
425 868 425
2915 869 2915
3210 870 3210
2352 871 2352
1057 872 1057
468 873 468
3685 874 3685
3254 875 3254
1663 876 1663
1090 877 1090
2709 878 2709
1917 879 1917
688 880 688
2676 881 2676
2253 882 2253
546 883 546
2541 884 2541
3502 885 3502
3506 886 3506
3360 887 3360
1833 888 1833
5 889 5
804 890 804
3441 891 3441
168 892 168
2146 893 2146
3101 894 3101
252 895 252
3614 896 3614
3543 897 3543
1876 898 1876
1457 899 1457
852 900 852
3707 901 3707
2906 902 2906
1966 903 1966
3206 904 3206
2262 905 2262
2409 906 2409
1608 907 1608
361 908 361
2411 909 2411
2340 910 2340
3584 911 3584
511 912 511
3152 913 3152
378 914 378
3308 915 3308
3098 916 3098
605 917 605
1640 918 1640
74 919 74
3173 920 3173
2447 921 2447
3686 922 3686
471 923 471
3257 924 3257
118 925 118
3261 926 3261
3263 927 3263
2469 928 2469
499 929 499
207 930 207
1248 931 1248
1252 932 1252
1180 933 1180
1254 934 1254
3364 935 3364
2066 936 2066
1276 937 1276
3469 938 3469
905 939 905
922 940 922
2186 941 2186
930 942 930
947 943 947
951 944 951
3730 945 3730
955 946 955
3683 947 3683
1217 948 1217
1237 949 1237
2550 950 2550
1285 951 1285
906 952 906
3548 953 3548
334 954 334
846 955 846
928 956 928
1224 957 1224
1660 958 1660
3102 959 3102
2403 960 2403
3062 961 3062
3726 962 3726
2944 963 2944
3836 964 3836
1085 965 1085
3405 966 3405
1176 967 1176
3943 968 3943
3949 969 3949
3554 970 3554
1041 971 1041
1216 972 1216
2544 973 2544
3507 974 3507
2208 975 2208
3516 976 3516
3524 977 3524
3022 978 3022
3028 979 3028
3462 980 3462
1937 981 1937
1297 982 1297
2747 983 2747
933 984 933
440 985 440
3088 986 3088
957 987 957
2935 988 2935
3096 989 3096
961 990 961
3690 991 3690
3341 992 3341
3556 993 3556
3079 994 3079
1208 995 1208
3787 996 3787
2554 997 2554
581 998 581
1189 999 1189
3362 1000 3362
2633 1001 2633
2565 1002 2565
2206 1003 2206
1333 1004 1333
2646 1005 2646
2647 1006 2647
2649 1007 2649
1340 1008 1340
2070 1009 2070
3019 1010 3019
2071 1011 2071
1344 1012 1344
1272 1013 1272
2650 1014 2650
2159 1015 2159
1792 1016 1792
903 1017 903
3546 1018 3546
3110 1019 3110
2313 1020 2313
2178 1021 2178
2183 1022 2183
3498 1023 3498
3204 1024 3204
931 1025 931
1103 1026 1103
431 1027 431
508 1028 508
949 1029 949
2852 1030 2852
3735 1031 3735
3230 1032 3230
2941 1033 2941
1130 1034 1130
1061 1035 1061
3244 1036 3244
3682 1037 3682
1086 1038 1086
2467 1039 2467
1300 1040 1300
3844 1041 3844
3340 1042 3340
2612 1043 2612
3271 1044 3271
2118 1045 2118
2983 1046 2983
1680 1047 1680
2485 1048 2485
1835 1049 1835
222 1050 222
2710 1051 2710
3450 1052 3450
11 1053 11
2261 1054 2261
1100 1055 1100
2413 1056 2413
2416 1057 2416
1479 1058 1479
441 1059 441
3594 1060 3594
2792 1061 2792
2794 1062 2794
2796 1063 2796
2432 1064 2432
1641 1065 1641
2888 1066 2888
550 1067 550
1091 1068 1091
708 1069 708
497 1070 497
2478 1071 2478
3359 1072 3359
1251 1073 1251
2708 1074 2708
3365 1075 3365
154 1076 154
3871 1077 3871
800 1078 800
1264 1079 1264
2575 1080 2575
1419 1081 1419
1283 1082 1283
824 1083 824
2088 1084 2088
2732 1085 2732
3467 1086 3467
2303 1087 2303
2238 1088 2238
2239 1089 2239
3549 1090 3549
1946 1091 1946
1949 1092 1949
2171 1093 2171
1013 1094 1013
2682 1095 2682
28 1096 28
3566 1097 3566
1964 1098 1964
3060 1099 3060
945 1100 945
2926 1101 2926
2932 1102 2932
3091 1103 3091
965 1104 965
3681 1105 3681
2385 1106 2385
2969 1107 2969
1733 1108 1733
123 1109 123
3852 1110 3852
1172 1111 1172
3788 1112 3788
647 1113 647
1827 1114 1827
144 1115 144
2058 1116 2058
3504 1117 3504
2702 1118 2702
229 1119 229
1405 1120 1405
2065 1121 2065
1191 1122 1191
3512 1123 3512
1911 1124 1911
233 1125 233
2722 1126 2722
3525 1127 3525
172 1128 172
2155 1129 2155
256 1130 256
1295 1131 1295
1299 1132 1299
3551 1133 3551
3480 1134 3480
2250 1135 2250
2763 1136 2763
788 1137 788
1963 1138 1963
1603 1139 1603
2334 1140 2334
3066 1141 3066
2269 1142 2269
3712 1143 3712
2774 1144 2774
507 1145 507
3213 1146 3213
3142 1147 3142
2418 1148 2418
2273 1149 2273
1476 1150 1476
3727 1151 3727
449 1152 449
1485 1153 1485
3301 1154 3301
466 1155 466
3821 1156 3821
2013 1157 2013
1147 1158 1147
1078 1159 1078
2023 1160 2023
3763 1161 3763
3697 1162 3697
556 1163 556
2605 1164 2605
3196 1165 3196
2972 1166 2972
2973 1167 2973
2540 1168 2540
3785 1169 3785
236 1170 236
3159 1171 3159
1183 1172 1183
2059 1173 2059
224 1174 224
2677 1175 2677
1620 1176 1620
381 1177 381
2506 1178 2506
1801 1179 1801
2772 1180 2772
86 1181 86
2202 1182 2202
1927 1183 1927
3628 1184 3628
3643 1185 3643
2430 1186 2430
897 1187 897
976 1188 976
3755 1189 3755
3406 1190 3406
2471 1191 2471
2719 1192 2719
1658 1193 1658
2134 1194 2134
3519 1195 3519
1429 1196 1429
1518 1197 1518
1373 1198 1373
3555 1199 3555
2681 1200 2681
379 1201 379
3802 1202 3802
3807 1203 3807
3758 1204 3758
2520 1205 2520
2530 1206 2530
2533 1207 2533
2034 1208 2034
2986 1209 2986
2961 1210 2961
2077 1211 2077
3612 1212 3612
3044 1213 3044
2846 1214 2846
1552 1215 1552
2297 1216 2297
1064 1217 1064
107 1218 107
3251 1219 3251
1235 1220 1235
1821 1221 1821
3284 1222 3284
140 1223 140
1186 1224 1186
909 1225 909
691 1226 691
1014 1227 1014
1894 1228 1894
289 1229 289
2266 1230 2266
937 1231 937
2779 1232 2779
46 1233 46
371 1234 371
2426 1235 2426
3099 1236 3099
3814 1237 3814
2443 1238 2443
3684 1239 3684
1226 1240 1226
2468 1241 2468
2473 1242 2473
3280 1243 3280
3939 1244 3939
1327 1245 1327
1347 1246 1347
1969 1247 1969
2338 1248 2338
1970 1249 1970
1971 1250 1971
1972 1251 1972
1973 1252 1973
1974 1253 1974
1975 1254 1975
1976 1255 1976
1977 1256 1977
1978 1257 1978
1979 1258 1979
366 1259 366
1980 1260 1980
1981 1261 1981
1983 1262 1983
1984 1263 1984
1985 1264 1985
1986 1265 1986
891 1266 891
1717 1267 1717
1644 1268 1644
2107 1269 2107
3273 1270 3273
599 1271 599
901 1272 901
3404 1273 3404
231 1274 231
1797 1275 1797
1944 1276 1944
3629 1277 3629
2857 1278 2857
2946 1279 2946
1310 1280 1310
2344 1281 2344
1554 1282 1554
159 1283 159
13 1284 13
1952 1285 1952
1054 1286 1054
3741 1287 3741
89 1288 89
494 1289 494
3861 1290 3861
1337 1291 1337
3409 1292 3409
3617 1293 3617
3618 1294 3618
3553 1295 3553
3484 1296 3484
1895 1297 1895
2126 1298 2126
3020 1299 3020
3208 1300 3208
886 1301 886
3274 1302 3274
517 1303 517
3916 1304 3916
1177 1305 1177
571 1306 571
718 1307 718
3930 1308 3930
3932 1309 3932
1320 1310 1320
1184 1311 1184
724 1312 724
3004 1313 3004
1334 1314 1334
1190 1315 1190
661 1316 661
1268 1317 1268
735 1318 735
1199 1319 1199
3018 1320 3018
1345 1321 1345
1279 1322 1279
2154 1323 2154
1425 1324 1425
1280 1325 1280
829 1326 829
3100 1327 3100
2232 1328 2232
2091 1329 2091
2165 1330 2165
1290 1331 1290
1365 1332 1365
766 1333 766
697 1334 697
3045 1335 3045
2322 1336 2322
1522 1337 1522
1459 1338 1459
3063 1339 3063
3067 1340 3067
1395 1341 1395
799 1342 799
1611 1343 1611
3078 1344 3078
2349 1345 2349
1621 1346 1621
3153 1347 3153
1480 1348 1480
950 1349 950
3307 1350 3307
3092 1351 3092
2363 1352 2363
1498 1353 1498
893 1354 893
2517 1355 2517
100 1356 100
3249 1357 3249
3179 1358 3179
1648 1359 1648
2450 1360 2450
3326 1361 3326
2459 1362 2459
3266 1363 3266
3198 1364 3198
3342 1365 3342
2613 1366 2613
3270 1367 3270
3285 1368 3285
1754 1369 1754
1686 1370 1686
1687 1371 1687
148 1372 148
3509 1373 3509
2639 1374 2639
1693 1375 1693
1769 1376 1769
1913 1377 1913
2718 1378 2718
1845 1379 1845
307 1380 307
1779 1381 1779
2728 1382 2728
173 1383 173
177 1384 177
3600 1385 3600
3605 1386 3605
3464 1387 3464
3393 1388 3393
322 1389 322
2598 1390 2598
326 1391 326
184 1392 184
259 1393 259
188 1394 188
3476 1395 3476
190 1396 190
193 1397 193
18 1398 18
268 1399 268
3620 1400 3620
3550 1401 3550
2750 1402 2750
1950 1403 1950
3557 1404 3557
341 1405 341
22 1406 22
1888 1407 1888
272 1408 272
3708 1409 3708
280 1410 280
281 1411 281
35 1412 35
358 1413 358
3571 1414 3571
2919 1415 2919
501 1416 501
432 1417 432
290 1418 290
2851 1419 2851
3654 1420 3654
513 1421 513
2787 1422 2787
2789 1423 2789
448 1424 448
1991 1425 1991
521 1426 521
2867 1427 2867
522 1428 522
456 1429 456
3747 1430 3747
3676 1431 3676
2875 1432 2875
538 1433 538
1211 1434 1211
1212 1435 1212
2952 1436 2952
2956 1437 2956
617 1438 617
3693 1439 3693
482 1440 482
94 1441 94
3918 1442 3918
2106 1443 2106
1305 1444 1305
2038 1445 2038
561 1446 561
492 1447 492
2112 1448 2112
3926 1449 3926
2114 1450 2114
3873 1451 3873
2150 1452 2150
3049 1453 3049
2788 1454 2788
3250 1455 3250
3672 1456 3672
2359 1457 2359
3728 1458 3728
3794 1459 3794
3429 1460 3429
3694 1461 3694
1228 1462 1228
2033 1463 2033
2124 1464 2124
2057 1465 2057
3893 1466 3893
1298 1467 1298
695 1468 695
2176 1469 2176
2184 1470 2184
2364 1471 2364
2365 1472 2365
3328 1473 3328
2463 1474 2463
1590 1475 1590
1694 1476 1694
2725 1477 2725
2668 1478 2668
2744 1479 2744
342 1480 342
392 1481 392
2025 1482 2025
2891 1483 2891
1231 1484 1231
900 1485 900
3134 1486 3134
3061 1487 3061
3224 1488 3224
3089 1489 3089
959 1490 959
1935 1491 1935
3545 1492 3545
2670 1493 2670
3808 1494 3808
3811 1495 3811
3816 1496 3816
1066 1497 1066
615 1498 615
3911 1499 3911
986 1500 986
2583 1501 2583
350 1502 350
60 1503 60
2045 1504 2045
3882 1505 3882
3646 1506 3646
3789 1507 3789
1256 1508 1256
2130 1509 2130
2069 1510 2069
3011 1511 3011
2212 1512 2212
3015 1513 3015
1414 1514 1414
2079 1515 2079
1281 1516 1281
848 1517 848
1450 1518 1450
929 1519 929
3200 1520 3200
3201 1521 3201
2331 1522 2331
1463 1523 1463
2341 1524 2341
2272 1525 2272
960 1526 960
3317 1527 3317
1727 1528 1727
3330 1529 3330
3197 1530 3197
2472 1531 2472
3350 1532 3350
3508 1533 3508
1914 1534 1914
2729 1535 2729
1931 1536 1931
1934 1537 1934
1938 1538 1938
254 1539 254
185 1540 185
3613 1541 3613
2819 1542 2819
2820 1543 2820
279 1544 279
3706 1545 3706
3634 1546 3634
3729 1547 3729
2782 1548 2782
1050 1549 1050
2939 1550 2939
2940 1551 2940
1203 1552 1203
2870 1553 2870
1209 1554 1209
82 1555 82
1082 1556 1082
3841 1557 3841
1161 1558 1161
630 1559 630
1099 1560 1099
3929 1561 3929
1245 1562 1245
3007 1563 3007
2310 1564 2310
2596 1565 2596
2759 1566 2759
1416 1567 1416
2913 1568 2913
9 1569 9
2421 1570 2421
3157 1571 3157
1562 1572 1562
2803 1573 2803
2815 1574 2815
434 1575 434
2950 1576 2950
3167 1577 3167
973 1578 973
1939 1579 1939
277 1580 277
2929 1581 2929
3112 1582 3112
3069 1583 3069
2690 1584 2690
2439 1585 2439
321 1586 321
40 1587 40
476 1588 476
43 1589 43
2979 1590 2979
1432 1591 1432
1093 1592 1093
1187 1593 1187
3124 1594 3124
3864 1595 3864
3889 1596 3889
692 1597 692
2170 1598 2170
112 1599 112
3438 1600 3438
3439 1601 3439
3444 1602 3444
1858 1603 1858
2808 1604 2808
1883 1605 1883
1037 1606 1037
2357 1607 2357
575 1608 575
577 1609 577
2123 1610 2123
2052 1611 2052
2053 1612 2053
8 1613 8
801 1614 801
673 1615 673
2152 1616 2152
1359 1617 1359
2162 1618 2162
837 1619 837
1460 1620 1460
1474 1621 1474
1551 1622 1551
2354 1623 2354
2429 1624 2429
1489 1625 1489
885 1626 885
1707 1627 1707
1713 1628 1713
1582 1629 1582
1588 1630 1588
3400 1631 3400
1806 1632 1806
2392 1633 2392
1592 1634 1592
2555 1635 2555
2559 1636 2559
1919 1637 1919
1848 1638 1848
239 1639 239
2720 1640 2720
1920 1641 1920
181 1642 181
258 1643 258
19 1644 19
3483 1645 3483
1015 1646 1015
2828 1647 2828
1018 1648 1018
1021 1649 1021
609 1650 609
2953 1651 2953
87 1652 87
558 1653 558
700 1654 700
2036 1655 2036
631 1656 631
709 1657 709
1446 1658 1446
2457 1659 2457
3452 1660 3452
3783 1661 3783
2384 1662 2384
3282 1663 3282
2499 1664 2499
3606 1665 3606
1794 1666 1794
1871 1667 1871
417 1668 417
1024 1669 1024
298 1670 298
2017 1671 2017
84 1672 84
2971 1673 2971
568 1674 568
2024 1675 2024
1178 1676 1178
1260 1677 1260
1348 1678 1348
978 1679 978
2921 1680 2921
2924 1681 2924
3742 1682 3742
2879 1683 2879
3316 1684 3316
3185 1685 3185
1762 1686 1762
3513 1687 3513
2629 1688 2629
2734 1689 2734
2861 1690 2861
3324 1691 3324
3826 1692 3826
3914 1693 3914
754 1694 754
2701 1695 2701
1760 1696 1760
54 1697 54
145 1698 145
2927 1699 2927
3896 1700 3896
786 1701 786
2190 1702 2190
1390 1703 1390
3141 1704 3141
2582 1705 2582
257 1706 257
370 1707 370
373 1708 373
63 1709 63
2880 1710 2880
2881 1711 2881
2073 1712 2073
921 1713 921
514 1714 514
1238 1715 1238
2084 1716 2084
3040 1717 3040
1381 1718 1381
1461 1719 1461
2606 1720 2606
1951 1721 1951
2990 1722 2990
2476 1723 2476
534 1724 534
2203 1725 2203
3870 1726 3870
2204 1727 2204
907 1728 907
2314 1729 2314
936 1730 936
944 1731 944
946 1732 946
1596 1733 1596
1929 1734 1929
1936 1735 1936
1940 1736 1940
2904 1737 2904
3724 1738 3724
3736 1739 3736
2936 1740 2936
2937 1741 2937
2899 1742 2899
3615 1743 3615
3825 1744 3825
3936 1745 3936
3946 1746 3946
1438 1747 1438
849 1748 849
1385 1749 1385
2402 1750 2402
2404 1751 2404
2412 1752 2412
2524 1753 2524
3268 1754 3268
3440 1755 3440
2642 1756 2642
1011 1757 1011
360 1758 360
376 1759 376
71 1760 71
748 1761 748
2153 1762 2153
836 1763 836
1616 1764 1616
1591 1765 1591
2549 1766 2549
15 1767 15
533 1768 533
393 1769 393
3053 1770 3053
3219 1771 3219
3029 1772 3029
3384 1773 3384
2210 1774 2210
3370 1775 3370
1925 1776 1925
1942 1777 1942
3938 1778 3938
3521 1779 3521
2098 1780 2098
932 1781 932
2231 1782 2231
2280 1783 2280
1542 1784 1542
1860 1785 1860
477 1786 477
3895 1787 3895
3238 1788 3238
3354 1789 3354
2672 1790 2672
2099 1791 2099
1012 1792 1012
1017 1793 1017
455 1794 455
611 1795 611
694 1796 694
2188 1797 2188
1388 1798 1388
157 1799 157
2907 1800 2907
1995 1801 1995
2122 1802 2122
2149 1803 2149
3024 1804 3024
2097 1805 2097
2328 1806 2328
2401 1807 2401
2519 1808 2519
2451 1809 2451
3403 1810 3403
2531 1811 2531
2532 1812 2532
2615 1813 2615
2634 1814 2634
2635 1815 2635
2645 1816 2645
2652 1817 2652
1924 1818 1924
2665 1819 2665
251 1820 251
273 1821 273
3491 1822 3491
3659 1823 3659
3806 1824 3806
1999 1825 1999
1083 1826 1083
941 1827 941
892 1828 892
1689 1829 1689
2806 1830 2806
413 1831 413
2876 1832 2876
3934 1833 3934
2327 1834 2327
2346 1835 2346
382 1836 382
3919 1837 3919
737 1838 737
1352 1839 1352
3109 1840 3109
3111 1841 3111
3051 1842 3051
934 1843 934
948 1844 948
2420 1845 2420
101 1846 101
1807 1847 1807
1661 1848 1661
996 1849 996
225 1850 225
3529 1851 3529
1783 1852 1783
2741 1853 2741
2745 1854 2745
2688 1855 2688
3497 1856 3497
2928 1857 2928
2866 1858 2866
1227 1859 1227
3849 1860 3849
3125 1861 3125
1650 1862 1650
490 1863 490
1415 1864 1415
1684 1865 1684
2721 1866 2721
1879 1867 1879
1063 1868 1063
390 1869 390
715 1870 715
2561 1871 2561
3515 1872 3515
3518 1873 3518
3784 1874 3784
3132 1875 3132
3073 1876 3073
1404 1877 1404
1472 1878 1472
1627 1879 1627
1647 1880 1647
2387 1881 2387
1662 1882 1662
384 1883 384
3937 1884 3937
3366 1885 3366
645 1886 645
574 1887 574
649 1888 649
668 1889 668
1354 1890 1354
1509 1891 1509
1366 1892 1366
3211 1893 3211
1543 1894 1543
1719 1895 1719
3182 1896 3182
117 1897 117
3416 1898 3416
3423 1899 3423
3426 1900 3426
1900 1901 1900
306 1902 306
194 1903 194
2696 1904 2696
2697 1905 2697
3819 1906 3819
535 1907 535
97 1908 97
312 1909 312
69 1910 69
2883 1911 2883
3760 1912 3760
3791 1913 3791
3064 1914 3064
1477 1915 1477
1624 1916 1624
129 1917 129
1670 1918 1670
2546 1919 2546
218 1920 218
3436 1921 3436
1841 1922 1841
2827 1923 2827
3579 1924 3579
3824 1925 3824
2882 1926 2882
491 1927 491
3719 1928 3719
1289 1929 1289
2181 1930 2181
1464 1931 1464
2356 1932 2356
2361 1933 2361
3094 1934 3094
3412 1935 3412
1699 1936 1699
242 1937 242
1932 1938 1932
3538 1939 3538
3473 1940 3473
1111 1941 1111
372 1942 372
3813 1943 3813
2004 1944 2004
2877 1945 2877
549 1946 549
3910 1947 3910
3859 1948 3859
3 1949 3
3203 1950 3203
1488 1951 1488
2360 1952 2360
213 1953 213
1859 1954 1859
3764 1955 3764
206 1956 206
1856 1957 1856
3539 1958 3539
3679 1959 3679
3766 1960 3766
3535 1961 3535
3801 1962 3801
3135 1963 3135
935 1964 935
2378 1965 2378
3420 1966 3420
3292 1967 3292
2570 1968 2570
2942 1969 2942
3834 1970 3834
1081 1971 1081
2110 1972 2110
3853 1973 3853
760 1974 760
340 1975 340
808 1976 808
2142 1977 2142
2147 1978 2147
2086 1979 2086
2335 1980 2335
798 1981 798
2410 1982 2410
952 1983 952
1703 1984 1703
2367 1985 2367
1726 1986 1726
1731 1987 1731
3430 1988 3430
3433 1989 3433
2494 1990 2494
227 1991 227
3385 1992 3385
2805 1993 2805
3394 1994 3394
2669 1995 2669
408 1996 408
1882 1997 1882
1020 1998 1020
423 1999 423
426 2000 426
3585 2001 3585
512 2002 512
3678 2003 3678
548 2004 548
3768 2005 3768
3846 2006 3846
2041 2007 2041
2048 2008 2048
3117 2009 3117
1516 2010 1516
3055 2011 3055
2259 2012 2259
787 2013 787
3077 2014 3077
2611 2015 2611
3275 2016 3275
2621 2017 2621
1785 2018 1785
2730 2019 2730
320 2020 320
2594 2021 2594
3477 2022 3477
3625 2023 3625
346 2024 346
3567 2025 3567
3718 2026 3718
363 2027 363
1112 2028 1112
2859 2029 2859
3733 2030 3733
464 2031 464
3903 2032 3903
2893 2033 2893
3858 2034 3858
759 2035 759
2240 2036 2240
3169 2037 3169
314 2038 314
171 2039 171
299 2040 299
3103 2041 3103
1502 2042 1502
1605 2043 1605
1539 2044 1539
1541 2045 1541
1629 2046 1629
3302 2047 3302
2518 2048 2518
1593 2049 1593
125 2050 125
2482 2051 2482
215 2052 215
1904 2053 1904
3540 2054 3540
3581 2055 3581
68 2056 68
1202 2057 1202
3831 2058 3831
1236 2059 1236
839 2060 839
325 2061 325
274 2062 274
3908 2063 3908
3415 2064 3415
3470 2065 3470
3874 2066 3874
1353 2067 1353
779 2068 779
2558 2069 2558
2749 2070 2749
3036 2071 3036
1367 2072 1367
2247 2073 2247
2295 2074 2295
3199 2075 3199
209 2076 209
3422 2077 3422
2574 2078 2574
1788 2079 1788
2905 2080 2905
352 2081 352
639 2082 639
1812 2083 1812
3598 2084 3598
2988 2085 2988
3860 2086 3860
2068 2087 2068
1273 2088 1273
670 2089 670
1361 2090 1361
2330 2091 2330
991 2092 991
3357 2093 3357
214 2094 214
308 2095 308
523 2096 523
3746 2097 3746
602 2098 602
3823 2099 3823
83 2100 83
85 2101 85
2022 2102 2022
3925 2103 3925
3177 2104 3177
2996 2105 2996
1255 2106 1255
1355 2107 1355
2656 2108 2656
2666 2109 2666
2035 2110 2035
3921 2111 3921
3922 2112 3922
3924 2113 3924
1613 2114 1613
984 2115 984
3262 2116 3262
3478 2117 3478
3705 2118 3705
3673 2119 3673
2014 2120 2014
1401 2121 1401
876 2122 876
2372 2123 2372
3327 2124 3327
2474 2125 2474
3511 2126 3511
1930 2127 1930
255 2128 255
1943 2129 1943
3475 2130 3475
659 2131 659
3002 2132 3002
3872 2133 3872
1194 2134 1194
669 2135 669
3951 2136 3951
680 2137 680
3038 2138 3038
2180 2139 2180
854 2140 854
3075 2141 3075
2351 2142 2351
2285 2143 2285
3090 2144 3090
2512 2145 2512
1572 2146 1572
970 2147 970
3329 2148 3329
3188 2149 3188
3192 2150 3192
2488 2151 2488
3379 2152 3379
1922 2153 1922
3456 2154 3456
2659 2155 2659
1933 2156 1933
183 2157 183
3547 2158 3547
2824 2159 2824
3559 2160 3559
2830 2161 2830
3720 2162 3720
3655 2163 3655
1131 2164 1131
1132 2165 1132
3680 2166 3680
99 2167 99
2970 2168 2970
1232 2169 1232
3127 2170 3127
851 2171 851
3145 2172 3145
2271 2173 2271
2504 2174 2504
3425 2175 3425
3281 2176 3281
2590 2177 2590
410 2178 410
42 2179 42
1044 2180 1044
2408 2181 2408
3388 2182 3388
3391 2183 3391
3715 2184 3715
3144 2185 3144
3076 2186 3076
1926 2187 1926
1010 2188 1010
3235 2189 3235
170 2190 170
31 2191 31
479 2192 479
1169 2193 1169
3093 2194 3093
2475 2195 2475
3649 2196 3649
2419 2197 2419
2995 2198 2995
2428 2199 2428
2102 2200 2102
573 2201 573
2994 2202 2994
4 2203 4
3008 2204 3008
803 2205 803
753 2206 753
685 2207 685
2168 2208 2168
3115 2209 3115
3118 2210 3118
3128 2211 3128
781 2212 781
1465 2213 1465
1397 2214 1397
1399 2215 1399
1547 2216 1547
1482 2217 1482
2434 2218 2434
2437 2219 2437
3241 2220 3241
3320 2221 3320
1725 2222 1725
1728 2223 1728
987 2224 987
2610 2225 2610
1811 2226 1811
1816 2227 1816
205 2228 205
2493 2229 2493
2711 2230 2711
301 2231 301
2801 2232 2801
182 2233 182
187 2234 187
2678 2235 2678
2689 2236 2689
271 2237 271
1896 2238 1896
3711 2239 3711
365 2240 365
369 2241 369
1119 2242 1119
57 2243 57
388 2244 388
461 2245 461
72 2246 72
613 2247 613
2963 2248 2963
621 2249 621
483 2250 483
409 2251 409
1431 2252 1431
2320 2253 2320
3457 2254 3457
1866 2255 1866
2276 2256 2276
3150 2257 3150
2626 2258 2626
1875 2259 1875
3877 2260 3877
237 2261 237
3453 2262 3453
3454 2263 3454
3743 2264 3743
717 2265 717
3867 2266 3867
3796 2267 3796
3950 2268 3950
1342 2269 1342
3886 2270 3886
2305 2271 2305
767 2272 767
774 2273 774
3054 2274 3054
1606 2275 1606
2263 2276 2263
2264 2277 2264
3146 2278 3146
2425 2279 2425
3158 2280 3158
2284 2281 2284
880 2282 880
2505 2283 2505
2513 2284 2513
3245 2285 3245
3181 2286 3181
2602 2287 2602
2607 2288 2607
2609 2289 2609
1741 2290 1741
2624 2291 2624
2625 2292 2625
2483 2293 2483
2630 2294 2630
1844 2295 1844
2579 2296 2579
2654 2297 2654
2585 2298 2585
241 2299 241
2587 2300 2587
3532 2301 3532
1795 2302 1795
1796 2303 1796
328 2304 328
267 2305 267
20 2306 20
1891 2307 1891
2768 2308 2768
2769 2309 2769
2844 2310 2844
362 2311 362
516 2312 516
518 2313 518
2938 2314 2938
525 2315 525
458 2316 458
67 2317 67
3822 2318 3822
80 2319 80
3902 2320 3902
627 2321 627
92 2322 92
93 2323 93
488 2324 488
3915 2325 3915
2103 2326 2103
632 2327 632
635 2328 635
565 2329 565
495 2330 495
315 2331 315
1007 2332 1007
1468 2333 1468
1398 2334 1398
1550 2335 1550
1744 2336 1744
2597 2337 2597
2822 2338 2822
276 2339 276
27 2340 27
295 2341 295
450 2342 450
473 2343 473
3162 2344 3162
1666 2345 1666
1874 2346 1874
2829 2347 2829
3901 2348 3901
719 2349 719
879 2350 879
2714 2351 2714
1854 2352 1854
186 2353 186
1128 2354 1128
2889 2355 2889
2026 2356 2026
2307 2357 2307
414 2358 414
2129 2359 2129
3947 2360 3947
149 2361 149
1667 2362 1667
160 2363 160
502 2364 502
3149 2365 3149
240 2366 240
3627 2367 3627
1427 2368 1427
1515 2369 1515
917 2370 917
1523 2371 1523
2999 2372 2999
2060 2373 2060
3046 2374 3046
1317 2375 1317
2151 2376 2151
2241 2377 2241
3120 2378 3120
2255 2379 2255
1526 2380 1526
2345 2381 2345
3161 2382 3161
1632 2383 1632
1564 2384 1564
2374 2385 2374
119 2386 119
3387 2387 3387
3622 2388 3622
2685 2389 2685
3496 2390 3496
537 2391 537
3688 2392 3688
2042 2393 2042
1484 2394 1484
451 2395 451
1076 2396 1076
3138 2397 3138
2380 2398 2380
1665 2399 1665
135 2400 135
570 2401 570
662 2402 662
1533 2403 1533
1483 2404 1483
3187 2405 3187
1585 2406 1585
1664 2407 1664
998 2408 998
3272 2409 3272
1910 2410 1910
263 2411 263
1051 2412 1051
1150 2413 1150
3355 2414 3355
835 2415 835
3050 2416 3050
2839 2417 2839
2771 2418 2771
3851 2419 3851
3857 2420 3857
1508 2421 1508
761 2422 761
3047 2423 3047
927 2424 927
3217 2425 3217
3221 2426 3221
988 2427 988
128 2428 128
3749 2429 3749
77 2430 77
2897 2431 2897
3854 2432 3854
1173 2433 1173
1423 2434 1423
844 2435 844
3215 2436 3215
1471 2437 1471
3222 2438 3222
3171 2439 3171
116 2440 116
3371 2441 3371
1941 2442 1941
3586 2443 3586
2435 2444 2435
1880 2445 1880
3487 2446 3487
3599 2447 3599
467 2448 467
2856 2449 2856
1346 2450 1346
2456 2451 2456
405 2452 405
438 2453 438
2347 2454 2347
2325 2455 2325
1870 2456 1870
2751 2457 2751
1126 2458 1126
3243 2459 3243
536 2460 536
1363 2461 1363
3248 2462 3248
195 2463 195
453 2464 453
486 2465 486
2373 2466 2373
2458 2467 2458
1824 2468 1824
2900 2469 2900
3761 2470 3761
1646 2471 1646
126 2472 126
2120 2473 2120
3933 2474 3933
2121 2475 2121
2992 2476 2992
1329 2477 1329
3013 2478 3013
3017 2479 3017
742 2480 742
3021 2481 3021
2163 2482 2163
841 2483 841
842 2484 842
1655 2485 1655
2462 2486 2462
2614 2487 2614
3351 2488 3351
2651 2489 2651
2655 2490 2655
1862 2491 1862
3572 2492 3572
2780 2493 2780
2781 2494 2781
2784 2495 2784
3732 2496 3732
3837 2497 3837
3696 2498 3696
3840 2499 3840
3923 2500 3923
1241 2501 1241
2119 2502 2119
3339 2503 3339
2388 2504 2388
3569 2505 3569
755 2506 755
3544 2507 3544
3474 2508 3474
338 2509 338
427 2510 427
1496 2511 1496
3304 2512 3304
1743 2513 1743
1695 2514 1695
3514 2515 3514
2736 2516 2736
3677 2517 3677
1454 2518 1454
3121 2519 3121
3286 2520 3286
2793 2521 2793
1002 2522 1002
3372 2523 3372
2095 2524 2095
3738 2525 3738
1058 2526 1058
3674 2527 3674
1499 2528 1499
1755 2529 1755
250 2530 250
3865 2531 3865
122 2532 122
3446 2533 3446
1123 2534 1123
681 2535 681
1332 2536 1332
3838 2537 3838
3839 2538 3839
3898 2539 3898
2812 2540 2812
336 2541 336
547 2542 547
3133 2543 3133
3310 2544 3310
1889 2545 1889
1631 2546 1631
2279 2547 2279
3225 2548 3225
1822 2549 1822
3299 2550 3299
355 2551 355
2978 2552 2978
2925 2553 2925
2219 2554 2219
2182 2555 2182
2817 2556 2817
3289 2557 3289
1162 2558 1162
606 2559 606
722 2560 722
3894 2561 3894
1428 2562 1428
1384 2563 1384
3338 2564 3338
2673 2565 2673
2843 2566 2843
1039 2567 1039
375 2568 375
2933 2569 2933
3855 2570 3855
324 2571 324
1351 2572 1351
1511 2573 1511
2175 2574 2175
1600 2575 1600
1601 2576 1601
2267 2577 2267
3318 2578 3318
1651 2579 1651
3183 2580 3183
993 2581 993
997 2582 997
2620 2583 2620
422 2584 422
424 2585 424
1053 2586 1053
463 2587 463
2885 2588 2885
1067 2589 1067
3414 2590 3414
3769 2591 3769
3662 2592 3662
309 2593 309
2810 2594 2810
291 2595 291
49 2596 49
3725 2597 3725
504 2598 504
1362 2599 1362
327 2600 327
580 2601 580
2315 2602 2315
3258 2603 3258
1749 2604 1749
1750 2605 1750
1855 2606 1855
332 2607 332
419 2608 419
124 2609 124
1410 2610 1410
2339 2611 2339
2296 2612 2296
1005 2613 1005
2016 2614 2016
637 2615 637
1008 2616 1008
583 2617 583
806 2618 806
1413 2619 1413
2293 2620 2293
1677 2621 1677
2551 2622 2551
228 2623 228
191 2624 191
354 2625 354
725 2626 725
2169 2627 2169
3276 2628 3276
3616 2629 3616
2965 2630 2965
2516 2631 2516
1771 2632 1771
3709 2633 3709
603 2634 603
2922 2635 2922
201 2636 201
147 2637 147
294 2638 294
459 2639 459
881 2640 881
2548 2641 2548
2713 2642 2713
3773 2643 3773
807 2644 807
204 2645 204
3653 2646 3653
156 2647 156
96 2648 96
1798 2649 1798
3935 2650 3935
1341 2651 1341
2460 2652 2460
2465 2653 2465
2740 2654 2740
2754 2655 2754
3637 2656 3637
3692 2657 3692
3843 2658 3843
974 2659 974
3640 2660 3640
1068 2661 1068
1152 2662 1152
2618 2663 2618
106 2664 106
1809 2665 1809
705 2666 705
1758 2667 1758
2507 2668 2507
1863 2669 1863
2027 2670 2027
1865 2671 1865
3739 2672 3739
1003 2673 1003
2157 2674 2157
3293 2675 3293
2849 2676 2849
2865 2677 2865
1167 2678 1167
3577 2679 3577
2074 2680 2074
3771 2681 3771
2007 2682 2007
2568 2683 2568
3790 2684 3790
2663 2685 2663
407 2686 407
3490 2687 3490
2847 2688 2847
2848 2689 2848
1114 2690 1114
3832 2691 3832
2898 2692 2898
2128 2693 2128
132 2694 132
152 2695 152
2785 2696 2785
813 2697 813
2492 2698 2492
1473 2699 1473
3945 2700 3945
743 2701 743
2275 2702 2275
234 2703 234
619 2704 619
1581 2705 1581
174 2706 174
65 2707 65
747 2708 747
3048 2709 3048
2884 2710 2884
3912 2711 3912
711 2712 711
1328 2713 1328
519 2714 519
578 2715 578
3410 2716 3410
2495 2717 2495
2931 2718 2931
2911 2719 2911
3892 2720 3892
3143 2721 3143
3368 2722 3368
2481 2723 2481
2201 2724 2201
406 2725 406
1656 2726 1656
3214 2727 3214
1421 2728 1421
1857 2729 1857
1312 2730 1312
1000 2731 1000
331 2732 331
2448 2733 2448
2379 2734 2379
3014 2735 3014
2286 2736 2286
2667 2737 2667
626 2738 626
809 2739 809
810 2740 810
2306 2741 2306
3345 2742 3345
3710 2743 3710
387 2744 387
3774 2745 3774
1382 2746 1382
3459 2747 3459
3010 2748 3010
1412 2749 1412
462 2750 462
121 2751 121
2050 2752 2050
2051 2753 2051
1602 2754 1602
1837 2755 1837
2031 2756 2031
3795 2757 3795
1902 2758 1902
1893 2759 1893
3920 2760 3920
1475 2761 1475
2446 2762 2446
436 2763 436
444 2764 444
305 2765 305
2586 2766 2586
37 2767 37
665 2768 665
3428 2769 3428
2738 2770 2738
3900 2771 3900
2056 2772 2056
2062 2773 2062
1417 2774 1417
2131 2775 2131
3445 2776 3445
2896 2777 2896
1447 2778 1447
3626 2779 3626
433 2780 433
2511 2781 2511
78 2782 78
3765 2783 3765
1903 2784 1903
2491 2785 2491
510 2786 510
3287 2787 3287
2381 2788 2381
2382 2789 2382
3392 2790 3392
505 2791 505
217 2792 217
1899 2793 1899
2894 2794 2894
2158 2795 2158
3737 2796 3737
731 2797 731
210 2798 210
2816 2799 2816
416 2800 416
3689 2801 3689
3691 2802 3691
487 2803 487
1752 2804 1752
1004 2805 1004
12 2806 12
1996 2807 1996
66 2808 66
564 2809 564
2211 2810 2211
2227 2811 2227
2256 2812 2256
1817 2813 1817
2643 2814 2643
2862 2815 2862
1330 2816 1330
2177 2817 2177
2179 2818 2179
875 2819 875
2523 2820 2523
3395 2821 3395
2753 2822 2753
3734 2823 3734
2790 2824 2790
2044 2825 2044
762 2826 762
3632 2827 3632
472 2828 472
1609 2829 1609
3401 2830 3401
1336 2831 1336
155 2832 155
2748 2833 2748
1612 2834 1612
2837 2835 2837
956 2836 956
1867 2837 1867
3139 2838 3139
3314 2839 3314
3434 2840 3434
1445 2841 1445
2799 2842 2799
1881 2843 1881
3848 2844 3848
638 2845 638
1525 2846 1525
2075 2847 2075
3137 2848 3137
3759 2849 3759
1406 2850 1406
469 2851 469
1791 2852 1791
1549 2853 1549
1571 2854 1571
2627 2855 2627
2164 2856 2164
2461 2857 2461
3731 2858 3731
3587 2859 3587
3862 2860 3862
3140 2861 3140
484 2862 484
343 2863 343
1026 2864 1026
374 2865 374
3754 2866 3754
347 2867 347
1389 2868 1389
3106 2869 3106
2055 2870 2055
3025 2871 3025
964 2872 964
990 2873 990
3610 2874 3610
3520 2875 3520
2037 2876 2037
667 2877 667
304 2878 304
544 2879 544
3389 2880 3389
3590 2881 3590
2674 2882 2674
2873 2883 2873
136 2884 136
2704 2885 2704
3232 2886 3232
3449 2887 3449
3714 2888 3714
3325 2889 3325
1657 2890 1657
1623 2891 1623
2902 2892 2902
23 2893 23
202 2894 202
211 2895 211
1117 2896 1117
2577 2897 2577
167 2898 167
3531 2899 3531
2773 2900 2773
385 2901 385
3803 2902 3803
2593 2903 2593
2760 2904 2760
2415 2905 2415
1696 2906 1696
2864 2907 2864
3830 2908 3830
831 2909 831
2397 2910 2397
137 2911 137
178 2912 178
2733 2913 2733
2756 2914 2756
3716 2915 3716
3575 2916 3575
3776 2917 3776
3799 2918 3799
888 2919 888
103 2920 103
3670 2921 3670
2290 2922 2290
1440 2923 1440
415 2924 415
3647 2925 3647
2727 2926 2727
2422 2927 2422
2589 2928 2589
2061 2929 2061
1780 2930 1780
2185 2931 2185
2187 2932 2187
1598 2933 1598
1626 2934 1626
3835 2935 3835
640 2936 640
3564 2937 3564
2778 2938 2778
61 2939 61
2205 2940 2205
734 2941 734
2215 2942 2215
2417 2943 2417
958 2944 958
3239 2945 3239
1493 2946 1493
2675 2947 2675
1151 2948 1151
496 2949 496
3306 2950 3306
1793 2951 1793
2767 2952 2767
3570 2953 3570
3431 2954 3431
2251 2955 2251
3309 2956 3309
3695 2957 3695
3588 2958 3588
1668 2959 1668
3495 2960 3495
3880 2961 3880
877 2962 877
2500 2963 2500
359 2964 359
2092 2965 2092
310 2966 310
2798 2967 2798
2445 2968 2445
1113 2969 1113
3165 2970 3165
2479 2971 2479
1681 2972 1681
2807 2973 2807
2196 2974 2196
3240 2975 3240
270 2976 270
3805 2977 3805
3562 2978 3562
2104 2979 2104
55 2980 55
2244 2981 2244
1456 2982 1456
3913 2983 3913
2691 2984 2691
2813 2985 2813
2842 2986 2842
3319 2987 3319
2538 2988 2538
3537 2989 3537
3568 2990 3568
3427 2991 3427
443 2992 443
1642 2993 1642
2637 2994 2637
3781 2995 3781
792 2996 792
3218 2997 3218
3223 2998 3223
3402 2999 3402
3800 3000 3800
3850 3001 3850
3875 3002 3875
850 3003 850
2362 3004 2362
2521 3005 2521
3333 3006 3333
2535 3007 2535
3346 3008 3346
166 3009 166
503 3010 503
3909 3011 3909
2981 3012 2981
278 3013 278
863 3014 863
1056 3015 1056
220 3016 220
1987 3017 1987
2113 3018 2113
335 3019 335
2515 3020 2515
1992 3021 1992
3611 3022 3611
3669 3023 3669
840 3024 840
2383 3025 2383
2552 3026 2552
3775 3027 3775
3792 3028 3792
452 3029 452
3154 3030 3154
2934 3031 2934
3043 3032 3043
1679 3033 1679
418 3034 418
1102 3035 1102
2008 3036 2008
394 3037 394
746 3038 746
1153 3039 1153
1154 3040 1154
702 3041 702
1494 3042 1494
3797 3043 3797
3602 3044 3602
3482 3045 3482
2522 3046 2522
2536 3047 2536
79 3048 79
2260 3049 2260
3126 3050 3126
498 3051 498
3878 3052 3878
3780 3053 3780
2237 3054 2237
1174 3055 1174
1898 3056 1898
108 3057 108
612 3058 612
1767 3059 1767
3597 3060 3597
2192 3061 2192
1669 3062 1669
2545 3063 2545
59 3064 59
1595 3065 1595
1864 3066 1864
1369 3067 1369
2653 3068 2653
3833 3069 3833
1149 3070 1149
189 3071 189
1163 3072 1163
1087 3073 1087
3492 3074 3492
3810 3075 3810
1453 3076 1453
867 3077 867
102 3078 102
598 3079 598
563 3080 563
729 3081 729
2063 3082 2063
758 3083 758
245 3084 245
264 3085 264
2825 3086 2825
3636 3087 3636
283 3088 283
2850 3089 2850
1116 3090 1116
682 3091 682
1504 3092 1504
2503 3093 2503
1570 3094 1570
2557 3095 2557
2705 3096 2705
53 3097 53
925 3098 925
3122 3099 3122
2998 3100 2998
862 3101 862
1906 3102 1906
962 3103 962
3580 3104 3580
600 3105 600
540 3106 540
146 3107 146
828 3108 828
1829 3109 1829
3031 3110 3031
2566 3111 2566
3619 3112 3619
3847 3113 3847
833 3114 833
2209 3115 2209
3003 3116 3003
967 3117 967
3486 3118 3486
3335 3119 3335
1006 3120 1006
751 3121 751
1138 3122 1138
2342 3123 2342
2923 3124 2923
3542 3125 3542
1604 3126 1604
1458 3127 1458
1846 3128 1846
2869 3129 2869
1038 3130 1038
712 3131 712
3657 3132 3657
1507 3133 1507
64 3134 64
1692 3135 1692
2400 3136 2400
980 3137 980
2562 3138 2562
3931 3139 3931
3205 3140 3205
1168 3141 1168
445 3142 445
2283 3143 2283
1887 3144 1887
3056 3145 3056
1861 3146 1861
401 3147 401
870 3148 870
1503 3149 1503
2350 3150 2350
38 3151 38
2221 3152 2221
389 3153 389
3131 3154 3131
3884 3155 3884
776 3156 776
1850 3157 1850
447 3158 447
1144 3159 1144
2892 3160 2892
3845 3161 3845
1164 3162 1164
633 3163 633
864 3164 864
1575 3165 1575
3349 3166 3349
2758 3167 2758
3756 3168 3756
1565 3169 1565
3885 3170 3885
219 3171 219
3294 3172 3294
1567 3173 1567
3305 3174 3305
238 3175 238
3883 3176 3883
1814 3177 1814
3380 3178 3380
811 3179 811
860 3180 860
2440 3181 2440
3419 3182 3419
2632 3183 2632
3645 3184 3645
3888 3185 3888
823 3186 823
2441 3187 2441
1671 3188 1671
3311 3189 3311
716 3190 716
2317 3191 2317
869 3192 869
2242 3193 2242
1877 3194 1877
2831 3195 2831
2509 3196 2509
2977 3197 2977
2525 3198 2525
528 3199 528
2101 3200 2101
3782 3201 3782
391 3202 391
2526 3203 2526
3817 3204 3817
853 3205 853
1556 3206 1556
2974 3207 2974
1872 3208 1872
3130 3209 3130
2449 3210 2449
2765 3211 2765
1349 3212 1349
2835 3213 2835
1746 3214 1746
3517 3215 3517
2984 3216 2984
3601 3217 3601
3906 3218 3906
2775 3219 2775
2514 3220 2514
1993 3221 1993
3303 3222 3303
397 3223 397
3940 3224 3940
2257 3225 2257
782 3226 782
430 3227 430
297 3228 297
489 3229 489
1531 3230 1531
113 3231 113
179 3232 179
882 3233 882
2945 3234 2945
197 3235 197
3390 3236 3390
3644 3237 3644
1928 3238 1928
3085 3239 3085
3664 3240 3664
704 3241 704
2578 3242 2578
1998 3243 1998
2197 3244 2197
2853 3245 2853
3331 3246 3331
1685 3247 1685
1839 3248 1839
710 3249 710
1444 3250 1444
2487 3251 2487
3944 3252 3944
687 3253 687
939 3254 939
2299 3255 2299
212 3256 212
656 3257 656
2786 3258 2786
1520 3259 1520
2886 3260 2886
796 3261 796
1988 3262 1988
2868 3263 2868
3941 3264 3941
3465 3265 3465
287 3266 287
2855 3267 2855
3804 3268 3804
3665 3269 3665
1326 3270 1326
1335 3271 1335
664 3272 664
2304 3273 2304
3313 3274 3313
3343 3275 3343
2715 3276 2715
2755 3277 2755
3573 3278 3573
3757 3279 3757
567 3280 567
2982 3281 2982
1437 3282 1437
3641 3283 3641
2537 3284 2537
2962 3285 2962
1426 3286 1426
3437 3287 3437
2032 3288 2032
3523 3289 3523
2737 3290 2737
1534 3291 1534
3216 3292 3216
1825 3293 1825
1659 3294 1659
1773 3295 1773
2964 3296 2964
2464 3297 2464
3442 3298 3442
1869 3299 1869
3277 3300 3277
3295 3301 3295
557 3302 557
1420 3303 1420
1497 3304 1497
1652 3305 1652
560 3306 560
3190 3307 3190
169 3308 169
2466 3309 2466
706 3310 706
478 3311 478
3721 3312 3721
2281 3313 2281
2878 3314 2878
696 3315 696
386 3316 386
2658 3317 2658
2444 3318 2444
2834 3319 2834
3353 3320 3353
2332 3321 2332
1770 3322 1770
2743 3323 2743
398 3324 398
989 3325 989
769 3326 769
3136 3327 3136
3184 3328 3184
3288 3329 3288
2207 3330 2207
1739 3331 1739
192 3332 192
2809 3333 2809
3367 3334 3367
2679 3335 2679
2477 3336 2477
1439 3337 1439
1599 3338 1599
3058 3339 3058
966 3340 966
33 3341 33
3942 3342 3942
3180 3343 3180
2510 3344 2510
3283 3345 3283
1313 3346 1313
1105 3347 1105
2930 3348 2930
3663 3349 3663
3057 3350 3057
2903 3351 2903
56 3352 56
2156 3353 2156
3012 3354 3012
3887 3355 3887
3116 3356 3116
139 3357 139
775 3358 775
972 3359 972
3595 3360 3595
1878 3361 1878
1915 3362 1915
2833 3363 2833
2292 3364 2292
2887 3365 2887
437 3366 437
460 3367 460
90 3368 90
815 3369 815
559 3370 559
2569 3371 2569
1990 3372 1990
3042 3373 3042
526 3374 526
3207 3375 3207
3041 3376 3041
1851 3377 1851
3866 3378 3866
789 3379 789
3322 3380 3322
1830 3381 1830
114 3382 114
3881 3383 3881
2777 3384 2777
3432 3385 3432
3443 3386 3443
1325 3387 1325
874 3388 874
1055 3389 1055
3767 3390 3767
130 3391 130
757 3392 757
1787 3393 1787
566 3394 566
1890 3395 1890
1455 3396 1455
1470 3397 1470
1490 3398 1490
1495 3399 1495
981 3400 981
1675 3401 1675
1826 3402 1826
1886 3403 1886
470 3404 470
2368 3405 2368
2955 3406 2955
3642 3407 3642
554 3408 554
652 3409 652
2386 3410 2386
679 3411 679
2358 3412 2358
1901 3413 1901
3344 3414 3344
3777 3415 3777
3242 3416 3242
3381 3417 3381
1555 3418 1555
3818 3419 3818
3820 3420 3820
623 3421 623
3609 3422 3609
2223 3423 2223
3233 3424 3233
985 3425 985
2776 3426 2776
3172 3427 3172
1501 3428 1501
3065 3429 3065
1139 3430 1139
2127 3431 2127
732 3432 732
2823 3433 2823
411 3434 411
1121 3435 1121
1561 3436 1561
131 3437 131
3533 3438 3533
2326 3439 2326
572 3440 572
3905 3441 3905
2783 3442 2783
3488 3443 3488
2636 3444 2636
2623 3445 2623
3592 3446 3592
3236 3447 3236
1574 3448 1574
1486 3449 1486
396 3450 396
1323 3451 1323
992 3452 992
3828 3453 3828
3413 3454 3413
1316 3455 1316
1519 3456 1519
878 3457 878
3648 3458 3648
2811 3459 2811
2452 3460 2452
3603 3461 3603
1181 3462 1181
584 3463 584
1436 3464 1436
2821 3465 2821
1160 3466 1160
666 3467 666
2191 3468 2191
3522 3469 3522
701 3470 701
726 3471 726
3229 3472 3229
820 3473 820
3337 3474 3337
138 3475 138
3377 3476 3377
1040 3477 1040
530 3478 530
1071 3479 1071
3778 3480 3778
200 3481 200
614 3482 614
1364 3483 1364
3378 3484 3378
3563 3485 3563
1849 3486 1849
793 3487 793
3164 3488 3164
1832 3489 1832
439 3490 439
2854 3491 2854
756 3492 756
134 3493 134
1514 3494 1514
1553 3495 1553
1853 3496 1853
2914 3497 2914
2480 3498 2480
1842 3499 1842
1782 3500 1782
2309 3501 2309
887 3502 887
3084 3503 3084
618 3504 618
3748 3505 3748
624 3506 624
1433 3507 1433
1434 3508 1434
1718 3509 1718
2960 3510 2960
791 3511 791
404 3512 404
749 3513 749
3652 3514 3652
2172 3515 2172
3656 3516 3656
2438 3517 2438
3382 3518 3382
2246 3519 2246
3530 3520 3530
3374 3521 3374
2695 3522 2695
2818 3523 2818
75 3524 75
1636 3525 1636
2258 3526 2258
2543 3527 2543
3607 3528 3607
3026 3529 3026
2909 3530 2909
1360 3531 1360
2198 3532 2198
